-0.178882
-0.138941
0.0702124
0.00560613
0.00250324
0.109678
0.089592
-0.0959474
-0.43889
-0.322824
0.284673
0.250267
-0.465999
-0.762407
-0.0799928
0.749912
0.718968
-0.447208
-1.16719
0.0233532
0.61909
-0.394809
-1.66291
-1.35396
0.179318
1.39667
-1.6105
-2.95467
2.42341
2.59761
-0.662683
-0.869275
-0.977278
1.68701
3.61886
4.81594
-23.9064
-80.7325
-84.0045
-41.3132
6.24025
44.509
61.8748
50.3022
0.364577
-86.7905
-203.676
-329.43
-402.232
-362.934
-198.493
43.328
261.016
348.491
259.288
32.6492
-230.99
-417.417
-446.616
-292.235
26.4132
461.394
949.254
1418.28
1796.21
2021.35
2053.79
1879.19
1508.74
979.071
348.174
-310.523
-915.703
-1387.97
-1661.15
-1692.55
-1470.04
-1013.54
-376.137
354.942
1065.66
1631.75
1933.68
1868.3
1363.47
403.738
-955.572
-2590.21
-4321.43
-5933.02
-7170.98
-7733.3
-7379.52
-6035.62
-3670.65
-191.216
4407.26
9828.92
15279.4
19551.9
21492.2
19551.9
15279.4
9828.92
4407.26
-191.217
-3670.65
-6035.62
-7379.52
-7733.3
-7170.98
-5933.02
-4321.43
-2590.21
-955.572
403.738
1363.47
1868.3
1933.68
1631.75
1065.66
354.941
-376.137
-1013.54
-1470.04
-1692.55
-1661.15
-1387.97
-915.703
-310.523
348.173
979.071
1508.74
1879.19
2053.79
2021.35
1796.21
1418.28
949.254
461.394
26.4133
-292.235
-446.616
-417.417
-230.989
32.6488
259.288
348.491
261.016
43.3279
-198.492
-362.934
-402.233
-329.43
-203.676
-86.7909
0.364448
50.302
61.8749
44.5088
6.24065
-41.3129
-84.005
-80.7327
-23.9064
4.81598
3.619
1.68709
-0.977255
-0.869111
-0.662691
2.59763
2.42331
-2.9552
-1.61047
1.39654
0.179277
-1.35387
-1.66262
-0.395323
0.619096
0.0231502
-1.16717
-0.447278
0.71908
0.750065
-0.0797786
-0.762366
-0.465991
0.249991
0.284286
-0.322843
-0.438811
-0.0962103
0.0899152
0.109456
0.00247556
0.00607511
0.0703631
-0.139032
