  783.0000       -999.2500
  783.5000       -999.2500
  784.0000       5191.9307
  784.5000       5295.5962
  785.0000       5091.9517
  785.5000       4957.7061
  786.0000       5095.1777
  786.5000       5169.1782
  787.0000       5487.9985
  787.5000       5039.3169
  788.0000       5490.1592
  788.5000       4727.5645
  789.0000       5134.5474
  789.5000       5043.6636
  790.0000       4863.6084
  790.5000       4991.9829
  791.0000       5143.2593
  791.5000       5316.7549
  792.0000       5125.0298
  792.5000       5252.7983
  793.0000       5206.0283
  793.5000       4605.0313
  794.0000       4782.5024
  794.5000       5557.2026
  795.0000       5593.0146
  795.5000       5239.2954
  796.0000       5311.7939
  796.5000       5222.8525
  797.0000       5105.7734
  797.5000       5438.9321
  798.0000       4915.9653
  798.5000       4870.4629
  799.0000       5166.8818
  799.5000       5870.1782
  800.0000       5201.0444
  800.5000       5172.7749
  801.0000       5783.6011
  801.5000       5349.8105
  802.0000       5246.7300
  802.5000       4919.0781
  803.0000       5256.8452
  803.5000       5293.6978
  804.0000       5874.0273
  804.5000       5738.9946
  805.0000       5136.1860
  805.5000       4973.9185
  806.0000       4998.5903
  806.5000       5057.0000
  807.0000       5248.1240
  807.5000       5737.9624
  808.0000       5235.6934
  808.5000       5555.2114
  809.0000       5814.0527
  809.5000       5353.8198
  810.0000       5243.4512
  810.5000       5491.9971
  811.0000       5342.7461
  811.5000       5432.9761
  812.0000       5470.8467
  812.5000       5560.0557
  813.0000       5595.7046
  813.5000       5573.7065
  814.0000       6079.8271
  814.5000       5650.5757
  815.0000       5135.3174
  815.5000       5875.7520
  816.0000       5237.3735
  816.5000       6320.5913
  817.0000       5935.7891
  817.5000       6649.0596
  818.0000       5873.3027
  818.5000       6024.9771
  819.0000       5243.6587
  819.5000       5965.3691
  820.0000       5509.4185
  820.5000       5436.9873
  821.0000       6004.4126
  821.5000       6614.4907
  822.0000       6155.0264
  822.5000       6047.3276
  823.0000       6291.0283
  823.5000       5617.6343
  824.0000       6415.3784
  824.5000       7443.5820
  825.0000       6785.5396
  825.5000       6744.2144
  826.0000       6190.8306
  826.5000       5816.9956
  827.0000       5816.3027
  827.5000       5618.6558
  828.0000       6039.1558
  828.5000       7199.1943
  829.0000       6467.2339
  829.5000       6140.2227
  830.0000       5826.3291
  830.5000       6191.8008
  831.0000       5604.3896
  831.5000       5420.7500
  832.0000       5450.8872
  832.5000       5844.2832
  833.0000       6070.1670
  833.5000       5245.8452
  834.0000       5553.8174
  834.5000       5538.6851
  835.0000       6727.2578
  835.5000       6753.0098
  836.0000       5926.0830
  836.5000       5303.4214
  837.0000       5043.2544
  837.5000       5852.6128
  838.0000       5586.4033
  838.5000       5371.7241
  839.0000       5307.1328
  839.5000       6701.8838
  840.0000       6979.0488
  840.5000       7080.5835
  841.0000       6892.4087
  841.5000       6998.8379
  842.0000       7078.0801
  842.5000       6980.6685
  843.0000       7249.6050
  843.5000       7222.6265
  844.0000       7954.2417
  844.5000       8370.1211
  845.0000       6560.5732
  845.5000       6267.8247
  846.0000       7040.5547
  846.5000       7727.4360
  847.0000       7087.8643
  847.5000       6748.2134
  848.0000       6693.4619
  848.5000       6585.4375
  849.0000       5864.9775
  849.5000       5336.9121
  850.0000       5350.7529
  850.5000       5092.0171
  851.0000       5132.6060
  851.5000       5112.5693
  852.0000       5282.2876
  852.5000       5838.0693
  853.0000       5909.3193
  853.5000       5727.9111
  854.0000       5687.7212
  854.5000       5605.9648
  855.0000       5070.9517
  855.5000       5464.1470
  856.0000       5046.4033
  856.5000       5486.5903
  857.0000       5617.0615
  857.5000       5726.1362
  858.0000       5683.0522
  858.5000       5448.5752
  859.0000       5168.1216
  859.5000       5088.0098
  860.0000       5145.7646
  860.5000       5188.1958
  861.0000       5031.2754
  861.5000       5686.1260
  862.0000       5455.1118
  862.5000       5245.2236
  863.0000       4892.8203
  863.5000       5007.1582
  864.0000       5113.3950
  864.5000       6397.6431
  865.0000       6539.0728
  865.5000       6765.0059
  866.0000       6709.3174
  866.5000       6739.1729
  867.0000       6551.1812
  867.5000       6078.4834
  868.0000       5094.1763
  868.5000       4913.3325
  869.0000       6673.9189
  869.5000       6905.1748
  870.0000       7141.6680
  870.5000       7130.9136
  871.0000       7078.3438
  871.5000       6750.1211
  872.0000       6785.3262
  872.5000       8841.1475
  873.0000       6247.8931
  873.5000       6305.0088
  874.0000       6004.3408
  874.5000       6189.4375
  875.0000       6555.8223
  875.5000       6929.1743
  876.0000       6624.7666
  876.5000       6228.4775
  877.0000       6610.5684
  877.5000       6011.4053
  878.0000       6060.8105
  878.5000       5373.4434
  879.0000       5163.4077
  879.5000       5022.9590
  880.0000       5668.4131
  880.5000       5577.9873
  881.0000       5643.2935
  881.5000       5448.1670
  882.0000       5344.0356
  882.5000       5304.2373
  883.0000       5531.2397
  883.5000       5062.5371
  884.0000       5955.6870
  884.5000       5404.7764
  885.0000       5129.8892
  885.5000       4870.9600
  886.0000       4370.0923
  886.5000       5004.8398
  887.0000       6086.2437
  887.5000       7381.7354
  888.0000       7484.5747
  888.5000       7042.8999
  889.0000       6911.6689
  889.5000       6769.7144
  890.0000       6522.5591
  890.5000       6893.9526
  891.0000       7313.6357
  891.5000       6875.2490
  892.0000       7104.1709
  892.5000       7971.3545
  893.0000       6034.2236
  893.5000       6836.3569
  894.0000       8685.4951
  894.5000       6547.5298
  895.0000       5833.5488
  895.5000       7264.6040
  896.0000       6796.6509
  896.5000       6054.0586
  897.0000       5738.1543
  897.5000       6694.8164
  898.0000       7122.5703
  898.5000       6838.7188
  899.0000       7418.8682
  899.5000       6529.6699
  900.0000       6693.4507
  900.5000       7184.4019
  901.0000       7241.6157
  901.5000       7163.2349
  902.0000       6121.7363
  902.5000       6036.6855
  903.0000       6525.7583
  903.5000       7229.5508
  904.0000       9215.3564
  904.5000       6319.1636
  905.0000       6524.1938
  905.5000       6288.9009
  906.0000       7070.5107
  906.5000       7700.3765
  907.0000       9979.0625
  907.5000       7197.0581
  908.0000       7751.0054
  908.5000       6252.4937
  909.0000       6468.1616
  909.5000       5816.5898
  910.0000       6644.9502
  910.5000       7625.7236
  911.0000       6972.7979
  911.5000       7224.5239
  912.0000       7564.5596
  912.5000       6622.7793
  913.0000       5811.9009
  913.5000       5945.0942
  914.0000       6739.4678
  914.5000       7370.5166
  915.0000       6952.6499
  915.5000       7209.9883
  916.0000       7145.5088
  916.5000       7126.5493
  917.0000       7181.8330
  917.5000       8059.6821
  918.0000       8323.9756
  918.5000       7600.1792
  919.0000       7243.1978
  919.5000       7151.3301
  920.0000       7175.0537
  920.5000       7689.5156
  921.0000       7681.5200
  921.5000       7262.2524
  922.0000       6987.5620
  922.5000       7045.8491
  923.0000       7546.5947
  923.5000       7478.4429
  924.0000       7823.2622
  924.5000       7984.2847
  925.0000       7636.3647
  925.5000       7452.4482
  926.0000       7326.5410
  926.5000       7177.3843
  927.0000       7010.1621
  927.5000       6504.7788
  928.0000       6184.8833
  928.5000       6389.9087
  929.0000       6393.9697
  929.5000       6298.8818
  930.0000       6309.3496
  930.5000       7125.9180
  931.0000       6237.0688
  931.5000       5957.5693
  932.0000       6111.0542
  932.5000       6760.9849
  933.0000       8521.4404
  933.5000       7208.2808
  934.0000       7051.9351
  934.5000       7030.5239
  935.0000       6517.7925
  935.5000       6365.3877
  936.0000       5882.5112
  936.5000       6973.0806
  937.0000       7168.3110
  937.5000       6908.8896
  938.0000       7283.7168
  938.5000       7439.1768
  939.0000       6895.7310
  939.5000       7096.3584
  940.0000       5869.1826
  940.5000       6240.9624
  941.0000       6725.1123
  941.5000       7866.2227
  942.0000       7093.4502
  942.5000       6339.7778
  943.0000       6901.0513
  943.5000       7127.4624
  944.0000       6248.3315
  944.5000       6177.3457
  945.0000       6119.8467
  945.5000       6217.5581
  946.0000       6111.6523
  946.5000       6514.0674
  947.0000       6323.1050
  947.5000       6349.9595
  948.0000       6166.7646
  948.5000       6816.3096
  949.0000       8494.6221
  949.5000       7305.1187
  950.0000       6437.2661
  950.5000       7156.5845
  951.0000       7557.5371
  951.5000       6351.8696
  952.0000       6215.9077
  952.5000       6321.8867
  953.0000       6082.7207
  953.5000       6031.3286
  954.0000       5928.2568
  954.5000       5917.7949
  955.0000       5882.2334
  955.5000       5931.1968
  956.0000       6333.1465
  956.5000       7035.5010
  957.0000       7768.6426
  957.5000       7378.3599
  958.0000       6399.9082
  958.5000       6706.5098
  959.0000       5773.1953
  959.5000       6618.5830
  960.0000       6919.6694
  960.5000       7304.4023
  961.0000       6772.1733
  961.5000       6984.2358
  962.0000       6789.5728
  962.5000       7243.3843
  963.0000       7807.4521
  963.5000       7246.9092
  964.0000       7633.1797
  964.5000       7099.2129
  965.0000       7259.9463
  965.5000       7128.0562
  966.0000       7311.4463
  966.5000       7477.9116
  967.0000       7110.9053
  967.5000       6846.7148
  968.0000       6569.4067
  968.5000       6403.5435
  969.0000       5963.5459
  969.5000       5918.2046
  970.0000       6189.1226
  970.5000       7053.0308
  971.0000       7059.9688
  971.5000       7139.3535
  972.0000       6311.5889
  972.5000       6348.5151
  973.0000       6400.3662
  973.5000       5965.7544
  974.0000       6793.7861
  974.5000       6592.5166
  975.0000       6155.8257
  975.5000       6930.5273
  976.0000       6695.2505
  976.5000       6918.1802
  977.0000       7039.6064
  977.5000       7328.1943
  978.0000       6980.6211
  978.5000       7203.8374
  979.0000       7403.6313
  979.5000       7388.0200
  980.0000       6033.1152
  980.5000       5938.5269
  981.0000       6752.4644
  981.5000       6794.7202
  982.0000       7123.7007
  982.5000       7509.3735
  983.0000       6277.0498
  983.5000       7089.6367
  984.0000       7668.1294
  984.5000       7595.7124
  985.0000       7692.1841
  985.5000       7684.2598
  986.0000       6965.8252
  986.5000       6674.2798
  987.0000       7435.5830
  987.5000       7691.8057
  988.0000       7409.1978
  988.5000       7911.2910
  989.0000       6968.0396
  989.5000       7599.3408
  990.0000       7544.9512
  990.5000       7363.9312
  991.0000       7065.9438
  991.5000       7248.5449
  992.0000       7796.5991
  992.5000       7048.1030
  993.0000       7921.2363
  993.5000       7340.7700
  994.0000       6668.7954
  994.5000       6426.9971
  995.0000       7230.8027
  995.5000       7558.0522
  996.0000       7431.1709
  996.5000       7178.6533
  997.0000       6878.5781
  997.5000       7004.1919
  998.0000       6609.1772
  998.5000       7953.9595
  999.0000       6159.5176
  999.5000       6624.7808
 1000.0000       8268.9150
 1000.5000       7177.3970
 1001.0000       6912.9307
 1001.5000       6879.3022
 1002.0000       7703.0967
 1002.5000       7701.9795
 1003.0000       7286.4180
 1003.5000       7410.7515
 1004.0000       7731.8916
 1004.5000       7141.5122
 1005.0000       7408.4321
 1005.5000       7360.8301
 1006.0000       7787.9741
 1006.5000       7599.5313
 1007.0000       7260.0347
 1007.5000       7022.8398
 1008.0000       7303.0684
 1008.5000       7441.9951
 1009.0000       7937.2676
 1009.5000       7298.6699
 1010.0000       7351.4233
 1010.5000       7613.6270
 1011.0000       7367.3477
 1011.5000       6990.5952
 1012.0000       7569.6841
 1012.5000       9278.9658
 1013.0000       8475.6377
 1013.5000       7617.6836
 1014.0000       6581.7866
 1014.5000       6567.4424
 1015.0000       7506.7129
 1015.5000       6855.4712
 1016.0000       7146.9453
 1016.5000       7170.5986
 1017.0000       9071.5293
 1017.5000       9759.5898
 1018.0000       -999.2500
