W1-1901 	 20809.00 	 84409.00 	 121 	 16
W1-1911 	 21088.00 	 84311.00 	 121 	 31
W1-1912 	 21247.00 	 84257.00 	 121 	 39
W1-1913 	 21183.00 	 84122.00 	 114 	 38
W1-1921 	 20967.00 	 84029.00 	 106 	 29
W1-1923 	 21078.00 	 83831.00 	 98 	 38
W1-1924 	 20944.00 	 83886.00 	 99 	 31
W1-1931 	 20709.00 	 84122.00 	 106 	 16
W1-1932 	 20831.00 	 84068.00 	 106 	 22
W1-2012 	 21025.00 	 83714.00 	 92 	 37
W1-2013 	 20991.00 	 83554.00 	 84 	 38
W1-2014 	 20842.00 	 83581.00 	 83 	 31
W1-2024 	 20756.00 	 83309.00 	 68 	 31
W1-2031 	 20518.00 	 83552.00 	 76 	 16
W1-2101 	 20422.00 	 83264.00 	 61 	 16
W1-2111 	 20693.00 	 83168.00 	 61 	 31
W1-2112 	 20865.00 	 83109.00 	 61 	 40
W1-2113 	 20802.00 	 82985.00 	 54 	 39
W1-2122 	 20754.00 	 82840.00 	 46 	 39
W1-2131 	 20321.00 	 82984.00 	 46 	 16
W1-2132 	 20493.00 	 82929.00 	 46 	 25
W1-2133 	 20411.00 	 82810.00 	 39 	 23
W1-2201 	 20224.00 	 82712.00 	 32 	 16
W1-2202 	 20375.00 	 82653.00 	 31 	 24
W1-2203 	 20335.00 	 82528.00 	 25 	 24
W1-2211 	 20516.00 	 82603.00 	 31 	 31
W1-2212 	 20649.00 	 82568.00 	 32 	 38
W1-2214 	 20473.00 	 82484.00 	 25 	 31
W1-2222 	 20562.00 	 82267.00 	 16 	 39
W1-2232 	 20279.00 	 82368.00 	 16 	 24
W2-1901 	 21373.00 	 84216.00 	 121 	 46
W2-1903 	 21473.00 	 84031.00 	 114 	 53
W2-1904 	 21324.00 	 84074.00 	 114 	 46
W2-1911 	 21656.00 	 84121.00 	 121 	 61
W2-1912 	 21800.00 	 84083.00 	 122 	 68
W2-1914 	 21609.00 	 83978.00 	 114 	 61
W2-1921 	 21562.00 	 83837.00 	 106 	 61
W2-1922 	 21705.00 	 83789.00 	 107 	 68
W2-1923 	 21656.00 	 83647.00 	 99 	 68
W2-1924 	 21514.00 	 83693.00 	 99 	 61
W2-1932 	 21420.00 	 83884.00 	 106 	 53
W2-1933 	 21372.00 	 83742.00 	 99 	 53
W2-1934 	 21230.00 	 83789.00 	 99 	 46
W2-2001 	 21186.00 	 83658.00 	 92 	 46
W2-2002 	 21326.00 	 83608.00 	 92 	 53
W2-2004 	 21140.00 	 83505.00 	 84 	 46
W2-2011 	 21462.00 	 83560.00 	 92 	 61
W2-2012 	 21613.00 	 83511.00 	 92 	 68
W2-2013 	 21561.00 	 83362.00 	 84 	 68
W2-2014 	 21419.00 	 83410.00 	 84 	 61
W2-2022 	 21514.00 	 83220.00 	 77 	 69
W2-2023 	 21466.00 	 83078.00 	 69 	 69
W2-2024 	 21324.00 	 83125.00 	 69 	 61
W2-2031 	 21091.00 	 83361.00 	 76 	 46
W2-2032 	 21228.00 	 83315.00 	 76 	 53
W2-2033 	 21181.00 	 83173.00 	 69 	 54
W2-2034 	 21051.00 	 83226.00 	 69 	 47
W2-2102 	 21134.00 	 83029.00 	 61 	 54
W2-2104 	 20943.00 	 82937.00 	 54 	 46
W2-2111 	 21276.00 	 82983.00 	 61 	 61
W2-2112 	 21418.00 	 82935.00 	 61 	 69
W2-2113 	 21371.00 	 82791.00 	 54 	 69
W2-2114 	 21220.00 	 82847.00 	 54 	 61
W2-2121 	 21180.00 	 82700.00 	 47 	 61
W2-2122 	 21321.00 	 82651.00 	 46 	 69
W2-2131 	 20897.00 	 82794.00 	 46 	 46
W2-2132 	 21038.00 	 82747.00 	 46 	 54
W2-2201 	 20815.00 	 82516.00 	 32 	 47
W2-2202 	 20943.00 	 82448.00 	 31 	 54
W2-2203 	 20893.00 	 82313.00 	 24 	 54
W2-2211 	 21086.00 	 82413.00 	 31 	 61
W2-2213 	 21177.00 	 82215.00 	 24 	 69
W2-2214 	 21043.00 	 82272.00 	 24 	 62
W2-2231 	 20710.00 	 82216.00 	 16 	 47
W3-1833 	 22131.00 	 84121.00 	 129 	 83
W3-1901 	 21929.00 	 84047.00 	 122 	 75
W3-1904 	 21894.00 	 83884.00 	 114 	 76
W3-1921 	 22131.00 	 83646.00 	 107 	 91
W3-1924 	 22083.00 	 83504.00 	 99 	 91
W3-1931 	 21821.00 	 83742.00 	 106 	 75
W3-1932 	 21998.00 	 83699.00 	 107 	 84
W3-1934 	 21799.00 	 83599.00 	 99 	 76
W3-2001 	 21751.00 	 83457.00 	 92 	 76
W3-2002 	 21903.00 	 83430.00 	 93 	 83
W3-2004 	 21705.00 	 83320.00 	 84 	 76
W3-2011 	 22032.00 	 83342.00 	 91 	 91
W3-2014 	 21989.00 	 83223.00 	 84 	 91
W3-2031 	 21656.00 	 83172.00 	 77 	 76
W3-2032 	 21797.00 	 83119.00 	 76 	 84
W3-2033 	 21751.00 	 82983.00 	 69 	 84
W3-2034 	 21608.00 	 83030.00 	 69 	 76
W3-2101 	 21560.00 	 82882.00 	 61 	 76
W3-2102 	 21703.00 	 82840.00 	 62 	 84
W3-2104 	 21513.00 	 82746.00 	 54 	 76
W3-2111 	 21824.00 	 82797.00 	 62 	 90
W3-2114 	 21798.00 	 82643.00 	 54 	 91
W3-2121 	 21750.00 	 82508.00 	 47 	 91
W3-2124 	 21682.00 	 82360.00 	 39 	 90
W3-2131 	 21480.00 	 82599.00 	 47 	 77
W3-2132 	 21608.00 	 82555.00 	 47 	 84
W3-2201 	 21366.00 	 82304.00 	 31 	 76
W3-2202 	 21505.00 	 82251.00 	 31 	 84
W3-2211 	 21661.00 	 82243.00 	 33 	 91
W3-2214 	 21616.00 	 82105.00 	 25 	 91
